http://192.168.0.102:4000
http://192.168.0.102:4200